8
3.1008530264609035E-6 0.0791454982095583 0.5552073434798205 0.03219357560976166 0.40878358538774284 0.8089558696060157 0.575674198523728 0.8687794486742353 
0.3854916171164483 0.7183658041034108 0.716357424139636 0.7235816953563257 0.7109183199385224 0.516815433063041 0.965307899470535 0.8983875700004121 
0.21570112518299733 0.4162633269845336 0.043938406436508815 0.860229895593321 0.47507964021700677 0.34295334190531424 0.9529112772330119 0.7197100578344858 
0.7272240704777289 0.9705096002923528 0.3575810408127632 0.12282746364861319 0.7864074459266028 0.010913336217469705 0.22928191267816667 0.9699204110192768 
0.20764326444048442 0.6618302591192919 0.1597273634117754 0.9778618010104722 0.7260131287512216 0.10191979329674572 0.5480149344874294 0.735442939088715 
0.041759319717630805 0.4501729041304837 0.42320638882475914 0.566917005041304 0.35131951711271103 0.6609883989136361 0.010179608751661351 0.21496343522633155 
0.6348322632170006 0.4136119875564973 0.27242556271487073 0.0818731181046446 0.6022431583959444 0.1727266354043936 0.5726897088152129 0.5265436378244116 
0.3729936136386546 0.24639646444497698 0.2808342357855441 0.5049125891600463 0.41837524946857196 0.8482304649432754 0.6280239957538124 0.662746273430244 
0.892367465523381 0.497711241586578 0.9132661579189401 0.09271644563537607 0.5519940899835373 0.832153374455862 0.7871822945084803 0.029193579524350755 
